9.699216554435452053e+00
7.159409087304911878e+00
1.175764287264098762e+01
7.315597187938435830e+00
1.761259124551320454e+01
6.242253888676411400e+00
7.647038714372353496e+00
8.113925871163671033e+00
8.752021665722761412e+00
6.351700096168293896e+00
5.438203249690197971e+00
6.745286581939811121e+00
8.242984806227806160e+00
9.514879691452705401e+00
9.069112966029404532e+00
9.596506388686714573e+00
8.699232950935853026e+00
1.246869747080757307e+01
9.110226324939578291e+00
9.516274673139635709e+00
7.469738112598846236e+00
1.112815275412179084e+01
8.382383603087143698e+00
6.988085998147663958e+00
6.066175834301636982e+00
5.828246609071897844e+00
1.479502052320344063e+01
6.121192765685820270e+00
1.411243005291521335e+01
5.407011612918132037e+00
9.767870150665823203e+00
7.961087049120489922e+00
7.637267832831212466e+00
1.116024276259635961e+01
1.040672645238602279e+01
1.257706743584597042e+01
8.412509026949170021e+00
6.820164454808191223e+00
1.024044286289436023e+01
5.733861340304054366e+00
4.687984365093760708e+00
1.254282453097085970e+01
6.621316698482893948e+00
8.744943108861326309e+00
1.509129398988196691e+01
1.030678051255734218e+01
1.007586144210042889e+01
7.438010039917897664e+00
8.165117284553346622e+00
1.191411762496651860e+01
7.634201518428819888e+00
9.093227654747765953e+00
9.997947613486775964e+00
6.384881970150810382e+00
1.352217910341368423e+01
7.665111527285738191e+00
6.856525263025773143e+00
1.022085863757219215e+01
9.575999443315980741e+00
9.911737969910079826e+00
7.276655457636838520e+00
7.945032186180342570e+00
1.395861837453165144e+01
6.580229089003448273e+00
1.623886518861421635e+01
6.477786333306927880e+00
8.434546027447481720e+00
5.679449190206687703e+00
1.308690379105807899e+01
8.393654152118417144e+00
5.728193036727558862e+00
1.417499496284704996e+01
7.921023979108553270e+00
1.042781976032672731e+01
1.309064663872401368e+01
1.371275809141884494e+01
5.909814330427789919e+00
1.220327075153775809e+01
7.027266717607886015e+00
7.016201692857223726e+00
1.089335062982179281e+01
1.105840426498398976e+01
1.493184307625848994e+01
4.909260539738698803e+00
4.902162623030358546e+00
7.908604101867349634e+00
1.986711023250528996e+01
4.035606131880346226e+00
1.574653830469444848e+01
9.183508901063898833e+00
6.069242395511507127e+00
7.015745013281558862e+00
7.701171578224913716e+00
5.918065068116015404e+00
1.500280860365120006e+01
7.356405945333865048e+00
9.160831084333704410e+00
9.062721830056775119e+00
8.827209029901824877e+00
1.539591958610040656e+01
9.939057209043159702e+00
1.771604137140670687e+01
1.105528689087730676e+01
1.215442442925438904e+01
9.245207761634425481e+00
4.307455312928994751e+00
8.839413911165001636e+00
6.844914738801216814e+00
8.594014465338965181e+00
1.027065223440067498e+01
7.998132588597685277e+00
1.007642897471279397e+01
6.301575254627111100e+00
9.911957709395119664e+00
1.330187709872759072e+01
1.761024732488024114e+01
1.372531086941193124e+01
1.204836775459252962e+01
7.759960078270205841e+00
9.857637426980220496e+00
9.152404317036451076e+00
1.106077462049282900e+01
6.017151590306099251e+00
8.903782600462673003e+00
6.142183082364208069e+00
1.290495044988036177e+01
1.239955808044559227e+01
1.366048516297018978e+01
9.133755633834256926e+00
7.483905867858905658e+00
5.132923318730556517e+00
6.232464096406825860e+00
6.010708743196775394e+00
1.483587559078703855e+01
9.505447796101108793e+00
1.275555641775489413e+01
1.680520966221618551e+01
7.100999391034473973e+00
1.025618672556075950e+01
1.213404963385667301e+01
1.348116328703645905e+01
1.039483128507773735e+01
1.453161224352905911e+01
1.052523677950334147e+01
1.769765751085208549e+01
9.420150079831715928e+00
1.531186689481300078e+01
1.213324172148958624e+01
5.414926101550666893e+00
8.871527388777385781e+00
8.415553750200375660e+00
9.024734637259104630e+00
1.507076189989378534e+01
1.249753132350076257e+01
1.201361972411463697e+01
6.842434046812068793e+00
7.604850772395080227e+00
7.978627371944564395e+00
4.940869512268027286e+00
5.306449919602156839e+00
4.710772776180750299e+00
9.162936997462070465e+00
9.051090522024040297e+00
8.140733845147977377e+00
7.420139168616079139e+00
1.147957453820525942e+01
1.475515574831928944e+01
7.801487140139225396e+00
1.118335738232747900e+01
1.078800373947068891e+01
1.537579175219611827e+01
1.001692120020056365e+01
5.329755731262345364e+00
1.149847784772064330e+01
1.585598177186663982e+01
5.947125868629242973e+00
1.659970101787530439e+01
1.283674403478761583e+01
6.145010850408946013e+00
9.222593175559220313e+00
1.491963002551333162e+01
1.398175305754435271e+01
1.026580502498805103e+01
6.653881305838537763e+00
9.983807731186306711e+00
8.797412247636257732e+00
9.073894227587450345e+00
8.456465999065398975e+00
7.898028717561913936e+00
5.373101277695192302e+00
1.029991267936878785e+01
1.367618019211368008e+01
6.884136495213625473e+00
5.889956410802730247e+00
6.601091909558570059e+00
6.955142380934529633e+00
1.234442774867338954e+01
1.143436780672127284e+01
1.137487059912708531e+01
1.283625865813525380e+01
5.646114902684955972e+00
4.333325044292764439e+00
5.716291811109543985e+00
8.873356656750251759e+00
9.027385177340704558e+00
6.828144227403242894e+00
9.974157744367424527e+00
7.050862704822439042e+00
7.624617501145837473e+00
6.806549700182883633e+00
1.034726825388602833e+01
5.827693087353993384e+00
6.849175581819709535e+00
7.775386797461975696e+00
4.989743970238595949e+00
8.994448903214021129e+00
4.973149576642991399e+00
8.448296031409725515e+00
5.230568683762995441e+00
6.648669540804695188e+00
9.243595816138313381e+00
1.418296948420147885e+01
1.225096281208631233e+01
8.443089830847540611e+00
7.541225565653768115e+00
1.109106854091782779e+01
1.149061005715821615e+01
8.286588851719956850e+00
6.307867814888331814e+00
1.095847471147268593e+01
8.713926479736700870e+00
6.479277909544761904e+00
1.121363038257266354e+01
1.188260051507006665e+01
5.688566386199180869e+00
8.548206693578570992e+00
6.026657421824533678e+00
1.101490185647965525e+01
1.009471458260934895e+01
1.890800218529842880e+01
9.386757029704158484e+00
6.423824285045458993e+00
9.817531049793727149e+00
8.854156379208983907e+00
1.087452112643359392e+01
1.111024120052841901e+01
9.036766748013064898e+00
6.752949334674624104e+00
1.191481827208665045e+01
9.627034265806985402e+00
