4.593947566593570286e-02
4.908563863449452030e-03
4.467448698688724663e-03
8.064534350232440210e-03
8.096460924338714713e-03
1.953549348034584743e-02
9.537306551631352311e-03
3.828667124876061214e-04
1.642034516349571635e-02
2.692903530020879579e-03
5.854693874451880053e-03
6.288830682842728136e-03
7.960188800533942940e-03
8.372527798904204344e-03
2.272794524532253859e-03
6.985389238421463309e-02
1.922846230344050448e-03
4.588678799935045835e-03
1.276328492794457162e-02
1.340950947685570684e-03
1.448103553126176652e-03
1.818172645124071715e-02
9.573086604055744409e-03
1.296848791016579072e-02
6.654251239430841822e-04
8.651108082328494518e-04
3.576093011472924847e-03
3.399433816405176417e-02
1.865229611340378643e-03
8.501874402779588391e-02
1.044786062798187462e-02
1.766801864179389642e-03
6.823228281759101919e-04
2.206782360857161875e-03
2.818547548890491805e-02
8.384553311230998757e-03
2.737609893005191891e-02
3.745721106123833799e-02
2.646393044747989958e-03
2.813501187840267148e-03
8.371639484685701460e-03
3.151060473269739169e-03
1.131041713981516868e-03
1.334562718746109232e-02
8.134143497158491387e-03
1.365436481099580740e-02
1.843747604107471259e-03
5.681631332844207195e-04
5.531960212464964721e-03
1.834897437907776485e-01
7.233968928244168504e-03
1.524543979222007725e-02
3.137305196439926780e-03
1.559421208012893613e-02
8.002327338885385083e-03
7.710412014596740088e-04
8.755864936953794420e-03
6.387660519718353289e-03
1.262089648252705601e-02
6.748697004038684867e-03
3.181749689086056654e-03
2.257538592264445292e-03
3.950474044155032429e-04
2.031188280778456201e-01
1.129801596305210348e-01
8.994955130960689826e-02
8.463527288060467002e-02
1.108086402010046295e-01
1.050404501917025224e-01
2.374852216644302016e-01
3.751935097189780244e-01
1.869231198268259675e-01
1.803963928820047080e-01
1.363420358274054500e-01
1.940188663602629426e-01
8.310173137195786541e-02
1.343093970104086154e-01
1.081754019152817298e-01
1.470300752805987765e-01
5.455166702048982325e-02
1.369953617224545228e-01
3.843067485065619349e-01
1.895346821218841793e-01
1.536208063155775350e-01
8.774235850534212178e-02
7.797753796439201024e-02
9.916771049532219218e-02
1.663330770479190257e-01
2.610166916940832027e-01
1.471341264977729379e-01
9.144454599116126625e-02
1.401921960475100704e-01
1.075135516506061650e-01
1.519210741205504200e-01
1.187679613839890402e-01
2.226304608091034531e-01
1.801679716264832920e-01
8.919314221917944152e-02
1.705359044267225621e-01
2.129268639703324750e-01
2.788283374439664564e-01
1.411478405710464845e-01
1.253998683451042484e-01
2.095203726903834551e-01
6.037407686925574946e-02
1.266486275203223821e-01
1.349853641041137975e-01
1.839315336743789775e-01
1.033978995404814527e-01
7.646100770004431169e-02
2.059785481724876466e-01
6.949051587748319991e-02
1.701375503803868039e-01
8.004999923301260589e-02
6.092381275383396133e-02
1.957058366324511134e-01
2.502318213740963304e-01
1.044922644372487802e-01
1.961735720933152904e-01
1.381882527568066010e-01
1.203971638683848933e-01
1.209416720863959321e-01
9.616097414819396727e-02
1.668845957871885333e-01
2.608063349569099132e-01
4.190797189316414900e-02
